1;w;2;4;9;None
2;w;1;3;5;10;None
3;f;2;5;6;11;Alexey
4;w;1;5;7;15;None
5;w;2;4;6;7;None
6;f;3;5;8;12;None
7;w;4;5;8;14;None
8;f;6;7;13;None
9;w;1;10;16;21;None
10;w;2;9;11;16;None
11;f;3;10;12;17;None
12;f;6;11;13;18;None
13;f;8;12;14;19;None
14;w;7;13;15;20;None
15;w;4;14;20;21;None
16;w;9;10;17;22;None
17;f;11;16;18;23;None
18;f;12;17;19;24;None
19;f;13;18;20;24;None
20;w;14;15;19;25;None
21;w;9;15;22;25;None
22;w;16;21;23;25;None
23;f;17;22;24;Sergey
24;f;18;19;23;25;None
25;w;20;21;22;24;None
